participant_id	PREGNANCY_TEST	MENSTRUAL_CYCLES_LENGTH	CAFFEINE	CAFFEINE_RECENT	NICOTINE	NICOTINE_RECENT	SLEEP_HOURS	WAKE_TIME
sub-ON01802	2	-999	1	2	0	-999	6	04:30
sub-ON02693	2	-999	1	0	0	-999	8	07:30
sub-ON02747	2	-999	0	-999	0	-999	7	08:00
sub-ON02811	2	-999	1	4	0	-999	6	06:40
sub-ON03748	-999	-999	0	-999	0	-999	3	03:00
sub-ON05530	0	-999	1	4	0	-999	7	05:30
sub-ON07392	0	3	1	5	0	-999	10	08:00
sub-ON08155	2	-999	0	-999	0	-999	7	06:50
sub-ON08792	0	-999	1	6	0	8	-999	08:00
sub-ON09474	0	2	1	6	0	-999	8	09:00
sub-ON09664	2	-999	1	3	0	-999	8	07:00
sub-ON09821	2	-999	1	1	0	-999	7	07:30
sub-ON11111	2	-999	0	-999	0	-999	6	06:00
sub-ON11411	0	2	1	-999	0	-999	7	04:55
sub-ON12688	2	-999	1	5	0	-999	8	07:45
sub-ON13545	0	2	1	6	0	-999	8	07:30
sub-ON18047	0	2	1	0	0	-999	6	05:45
sub-ON21834	0	2	0	-999	0	-999	7	07:00
sub-ON21959	0	2	1	0	0	-999	7	07:15
sub-ON21976	0	2	1	2	0	-999	6	05:30
sub-ON22299	0	2	1	7	0	-999	7	07:30
sub-ON23419	2	-999	0	-999	0	-999	5	05:00
sub-ON23776	0	2	0	-999	0	-999	8	07:00
sub-ON25939	2	-999	1	5	0	-999	9	08:30
sub-ON26105	0	2	0	-999	0	-999	8	07:00
sub-ON26309	0	-999	1	0	0	-999	8	05:30
sub-ON30080	2	-999	1	3	0	-999	6	7:30
sub-ON34754	0	2	1	0	0	-999	8	08:00
sub-ON34766	-999	-999	1	4	0	-999	9	07:00
sub-ON35773	2	-999	1	4	0	-999	6	09:00
sub-ON39099	2	-999	0	-999	0	-999	5	07:00
sub-ON39384	0	2	1	5	0	-999	7	08:00
sub-ON41090	0	2	0	-999	0	-999	6	06:00
sub-ON42107	0	2	1	4	0	-999	9	05:40
sub-ON43016	0	2	0	-999	0	-999	7	05:20
sub-ON43585	0	2	0	-999	0	-999	4	13:00
sub-ON44262	2	-999	0	-999	0	-999	7	07:00
sub-ON46717	0	2	1	0	0	-999	6	07:30
sub-ON48925	0	2	1	4	0	-999	6	07:15
sub-ON49080	0	2	0	-999	0	-999	6	07:30
sub-ON50015	0	2	0	-999	0	-999	7	07:30
sub-ON52083	0	2	0	-999	0	-999	8	05:00
sub-ON52662	0	2	1	6	0	-999	1	08:30
sub-ON52733	2	-999	1	-999	0	-999	8	06:30
sub-ON52992	-999	-999	0	-999	0	-999	4	06:00
sub-ON54268	2	-999	1	5	0	-999	7	08:30
sub-ON54886	2	-999	1	5	0	-999	7	07:30
sub-ON56044	0	1	0	-999	0	-999	8	8:00 AM
sub-ON56250	0	2	0	-999	0	-999	6	06:30
sub-ON58053	0	2	1	5	0	-999	7	07:30
sub-ON61087	0	2	0	-999	0	-999	7	06:00
sub-ON62003	2	-999	1	5	0	-999	7	06:30
sub-ON63704	0	-999	1	1	0	-999	7	06:00
sub-ON63734	-999	2	1	0	0	-999	8	07:30
sub-ON65733	0	2	0	-999	0	-999	7	06:30
sub-ON66199	2	-999	1	5	0	-999	7	09:30
sub-ON67435	2	-999	1	2	0	-999	8	08:00
sub-ON70467	2	-999	1	0	0	-999	6	05:30
sub-ON71932	2	-999	1	1	0	-999	7	06:30
sub-ON72082	2	-999	0	-999	0	-999	4	10:00
sub-ON73969	-999	-999	0	-999	0	-999	6	05:30
sub-ON75450	2	-999	1	0	0	-999	8	08:00
sub-ON80356	0	2	1	6	0	-999	7	07:30
sub-ON81734	2	-999	0	-999	0	-999	7	05:15
sub-ON84896	2	-999	1	5	0	-999	7	07:00
sub-ON85305	0	2	0	-999	0	-999	7	07:00 AM
sub-ON85322	2	-999	0	-999	0	-999	6	05:30
sub-ON85522	0	2	0	-999	0	-999	5	08:00
sub-ON85616	0	2	0	-999	0	-999	10	06:00
sub-ON85981	2	-999	1	5	0	-999	7	07:00
sub-ON86202	2	2	1	10	0	-999	7	07:00
sub-ON87092	0	-999	1	0	0	-999	7	06:15
sub-ON87322	2	-999	0	-999	0	-999	7	06:00
sub-ON88331	2	-999	1	6	0	-999	8	06:00
sub-ON88614	0	-999	0	-999	0	-999	6	05:15
sub-ON88753	2	-999	1	6	0	-999	6	06:50
sub-ON89045	2	-999	1	7	0	-999	7	05:20
sub-ON89474	0	2	0	-999	0	-999	7	08:00
sub-ON89475	0	2	1	5	0	-999	7	07:00
sub-ON91906	2	-999	1	-999	0	-999	7	06:00
sub-ON93426	0	2	1	7	0	-999	7	07:30
sub-ON94856	2	-999	1	5	0	-999	7	07:30
sub-ON95003	0	2	0	-999	0	-999	8	08:30
sub-ON95259	0	2	0	-999	0	-999	6	07:00
sub-ON95422	-999	-999	1	8	0	-999	4	15:30
sub-ON95742	0	2	1	3	0	-999	8	09:00
sub-ON97504	0	2	1	7	1	-999	7	06:00
sub-ON98642	2	-999	0	-999	0	-999	8	07:30
sub-ON99610	2	-999	0	-999	0	-999	7	7
sub-ON99620	2	-999	1	3	0	-999	6	06:00
